0 0 0 0 0 0  -1.89952695444801E-1 0
0 0 0 0 0 1  -1.0942473123806E-3 0
0 0 0 0 0 2  -9.67354192245515E-3 0
0 0 0 0 0 3   3.58767622114592E-4 0
0 0 0 0 0 4   1.22463661568767E-4 0
0 0 0 0 1 0  -4.55237659441812E-3 0
0 0 0 0 1 1   3.42497933492672E-3 0
0 0 0 0 1 2   1.76367546640296E-3 0
0 0 0 0 1 3  -1.04093751052478E-3 0
0 0 0 0 1 4   4.04659279887962E-4 0
0 0 0 0 2 0   4.30971661584508E-2 0
0 0 0 0 2 1  -4.21382020448492E-3 0
0 0 0 0 2 2   8.72268723118767E-3 0
0 0 0 0 2 3   3.54403712254293E-4 0
0 0 0 0 2 4  -8.28993628969563E-4 0
0 0 0 0 3 0  -5.20195143408591E-2 0
0 0 0 0 3 1   7.9324415313024E-3 0
0 0 0 0 3 2  -9.02958062354742E-4 0
0 0 0 0 3 3   2.95822998714682E-4 0
0 0 0 0 4 0   1.91579153140034E-2 0
0 0 0 0 4 1  -7.14854414852117E-3 0
0 0 0 1 0 0  -1.01898276702403E-2 0
0 0 0 1 0 1   1.19240248466082E-2 0
0 0 0 1 0 2  -1.41049749355124E-3 0
0 0 0 1 0 3  -6.83539213867126E-4 0
0 0 0 1 0 4   3.59839618132525E-4 0
0 0 0 1 1 0   6.05146356818748E-3 0
0 0 0 1 1 1   6.25016337039926E-2 0
0 0 0 1 1 2   5.45661919409279E-3 0
0 0 0 1 1 3  -2.13458973678566E-3 0
0 0 0 1 1 4  -1.23142746515609E-3 0
0 0 0 1 2 0  -2.72882706335928E-2 0
0 0 0 1 2 1   8.50651754660003E-3 0
0 0 0 1 2 2  -2.99544665789836E-3 0
0 0 0 1 2 3   1.47364730922968E-4 0
0 0 0 1 3 0   6.73112763759232E-3 0
0 0 0 1 3 1  -2.73162997146192E-2 0
0 0 0 2 0 0   2.33236597368087E-1 0
0 0 0 2 0 1  -1.85509054605712E-2 0
0 0 0 2 0 2   6.37435170620937E-3 0
0 0 0 2 0 3  -2.46218687176303E-3 0
0 0 0 2 0 4   3.86653144306497E-4 0
0 0 0 2 1 0  -1.5986741117174E-2 0
0 0 0 2 1 1   2.65186155447417E-3 0
0 0 0 2 1 2  -1.02316103494866E-2 0
0 0 0 2 1 3  -6.85730434439869E-5 0
0 0 0 2 2 0   8.20457731598693E-2 0
0 0 0 2 2 1   3.79042876691482E-3 0
0 0 0 3 0 0  -2.04903498980966E-1 0
0 0 0 3 0 1   3.97918601631229E-2 0
0 0 0 3 0 2  -1.12635344529425E-2 0
0 0 0 3 0 3   3.18711580290825E-3 0
0 0 0 3 1 0   2.2148854454576E-2 0
0 0 0 3 1 1   6.63315561744149E-4 0
0 0 0 4 0 0   2.03571925546755E-1 0
0 0 0 4 0 1  -3.44417072939636E-2 0
0 0 1 0 0 0  -2.42284790546691E-3 0
0 0 1 0 0 1   4.59921984810709E-3 0
0 0 1 0 0 2  -2.79190874138007E-3 0
0 0 1 0 0 3   9.49245129037201E-4 0
0 0 1 0 0 4  -3.33709050109092E-4 0
0 0 1 0 1 0   8.73705790299101E-3 0
0 0 1 0 1 1   8.15737366980013E-3 0
0 0 1 0 1 2   7.12637704118768E-3 0
0 0 1 0 1 3  -8.69544018518904E-3 0
0 0 1 0 1 4   1.5206016634203E-3 0
0 0 1 0 2 0   1.83572501647278E-3 0
0 0 1 0 2 1  -1.83112453526616E-2 0
0 0 1 0 2 2  -3.03663704690234E-2 0
0 0 1 0 2 3   1.86101313989881E-2 0
0 0 1 0 3 0   4.03239139771074E-2 0
0 0 1 0 3 1  -1.07477207164696E-2 0
0 0 1 1 0 0  -2.43885453590326E-2 0
0 0 1 1 0 1   3.72179913179785E-2 0
0 0 1 1 0 2   1.74036662673477E-2 0
0 0 1 1 0 3  -9.85983972897974E-3 0
0 0 1 1 0 4   1.39311559149442E-3 0
0 0 1 1 1 0  -5.6405376085964E-3 0
0 0 1 1 1 1  -1.2922472118909E-2 0
0 0 1 1 1 2  -2.27842179309921E-2 0
0 0 1 1 1 3   1.20424733157348E-2 0
0 0 1 1 2 0   4.88017381391699E-2 0
0 0 1 1 2 1  -1.02779305883167E-2 0
0 0 1 2 0 0   4.20264847554603E-2 0
0 0 1 2 0 1  -5.23998352585475E-2 0
0 0 1 2 0 2  -3.98707139053269E-2 0
0 0 1 2 0 3   2.03991009493351E-2 0
0 0 1 2 1 0  -7.45614436554654E-3 0
0 0 1 2 1 1   1.79292704858103E-2 0
0 0 1 3 0 0   9.19759591406821E-3 0
0 0 1 3 0 1   2.63665552160264E-2 0
0 0 2 0 0 0   4.19798416830394E-1 0
0 0 2 0 0 1   4.48341588965634E-3 0
0 0 2 0 0 2   1.30845090787923E-3 0
0 0 2 0 0 3  -1.16324157828279E-4 0
0 0 2 0 0 4   6.70620367919858E-4 0
0 0 2 0 1 0   3.58528992485632E-2 0
0 0 2 0 1 1  -2.43534749405017E-2 0
0 0 2 0 1 2   6.43935255256523E-4 0
0 0 2 0 1 3  -3.09505006499933E-3 0
0 0 2 0 2 0   1.34607960786393E-2 0
0 0 2 0 2 1   7.16332098886581E-2 0
0 0 2 1 0 0   4.73943519485256E-2 0
0 0 2 1 0 1   7.94090289923011E-3 0
0 0 2 1 0 2  -2.56743504797015E-2 0
0 0 2 1 0 3   1.10769813295808E-3 0
0 0 2 1 1 0  -1.54154286229478E-2 0
0 0 2 1 1 1   8.57145723103834E-2 0
0 0 2 2 0 0   8.71897999463616E-2 0
0 0 2 2 0 1   5.74355742898036E-2 0
0 0 3 0 0 0  -4.6924834268235E-1 0
0 0 3 0 0 1  -6.83450912918193E-3 0
0 0 3 0 0 2  -3.02440097113511E-2 0
0 0 3 0 0 3   7.85685084243237E-3 0
0 0 3 0 1 0  -1.98364584359112E-3 0
0 0 3 0 1 1  -1.16008785200723E-2 0
0 0 3 1 0 0   3.07319099947594E-2 0
0 0 3 1 0 1   3.72863889405264E-2 0
0 0 4 0 0 0   2.6411837264948E-1 0
0 0 4 0 0 1   2.84378298896382E-2 0
0 1 0 0 0 0  -1.41578540753989E-2 0
0 1 0 0 0 1  -2.19268323406532E-3 0
0 1 0 0 0 2   1.81054877102367E-2 0
0 1 0 0 0 3  -1.56869561897141E-3 0
0 1 0 0 0 4  -1.86254704256348E-4 0
0 1 0 0 1 0   7.63500720043839E-2 0
0 1 0 0 1 1  -8.2047150786102E-3 0
0 1 0 0 1 2  -1.7158214999625E-2 0
0 1 0 0 1 3   8.07705701102369E-3 0
0 1 0 0 1 4  -4.38687742419952E-4 0
0 1 0 0 2 0  -1.44786448461505E-1 0
0 1 0 0 2 1   1.4820076998271E-2 0
0 1 0 0 2 2   2.33858950220216E-2 0
0 1 0 0 2 3  -1.60959681843871E-2 0
0 1 0 0 3 0   3.19784132808154E-2 0
0 1 0 0 3 1  -4.71738266337507E-4 0
0 1 0 1 0 0   1.07024589996111E-1 0
0 1 0 1 0 1  -8.98341304690012E-3 0
0 1 0 1 0 2  -1.87520429819782E-2 0
0 1 0 1 0 3   8.41260501328916E-3 0
0 1 0 1 0 4  -2.18651601255107E-3 0
0 1 0 1 1 0  -2.91813159110959E-2 0
0 1 0 1 1 1   2.85841202463475E-2 0
0 1 0 1 1 2   3.56237049928705E-2 0
0 1 0 1 1 3  -1.06192911510443E-2 0
0 1 0 1 2 0  -2.88241545759891E-2 0
0 1 0 1 2 1   4.86327763997125E-2 0
0 1 0 2 0 0  -4.13490224557232E-1 0
0 1 0 2 0 1   5.34359540481506E-2 0
0 1 0 2 0 2   6.68849011616062E-2 0
0 1 0 2 0 3  -2.25664395351103E-2 0
0 1 0 2 1 0   1.82766244224197E-2 0
0 1 0 2 1 1  -7.07377216371565E-2 0
0 1 0 3 0 0   1.8462016744419E-1 0
0 1 0 3 0 1  -1.50775061236237E-2 0
0 1 1 0 0 0   2.55587875354311E-2 0
0 1 1 0 0 1  -9.15843654823079E-3 0
0 1 1 0 0 2  -7.74282074726246E-3 0
0 1 1 0 0 3  -2.5231633542849E-3 0
0 1 1 0 0 4   1.31147608523174E-3 0
0 1 1 0 1 0  -8.87534041870062E-2 0
0 1 1 0 1 1   4.7160458457034E-2 0
0 1 1 0 1 2  -1.08536347559998E-2 0
0 1 1 0 1 3   2.4901299508302E-3 0
0 1 1 0 2 0   1.54074325974263E-1 0
0 1 1 0 2 1  -9.53703163781814E-2 0
0 1 1 1 0 0  -2.37689328225539E-2 0
0 1 1 1 0 1  -4.63792515602162E-2 0
0 1 1 1 0 2   1.57882970228496E-2 0
0 1 1 1 0 3   5.55425427810397E-3 0
0 1 1 1 1 0  -6.56922171615904E-3 0
0 1 1 1 1 1   4.87814317978721E-2 0
0 1 1 2 0 0   3.43237583209959E-2 0
0 1 1 2 0 1  -4.12379455888772E-2 0
0 1 2 0 0 0  -7.93448880913337E-2 0
0 1 2 0 0 1  -1.26418130724253E-2 0
0 1 2 0 0 2   1.13110811427301E-1 0
0 1 2 0 0 3  -1.93718767430986E-2 0
0 1 2 0 1 0  -6.88250675723552E-2 0
0 1 2 0 1 1   2.36041343947164E-2 0
0 1 2 1 0 0   1.02204362017559E-2 0
0 1 2 1 0 1   1.88518043057044E-2 0
0 1 3 0 0 0  -1.41090390154934E-2 0
0 1 3 0 0 1  -7.84615695186832E-2 0
0 2 0 0 0 0   1.54885992098864E-1 0
0 2 0 0 0 1   3.11089400698267E-3 0
0 2 0 0 0 2  -1.22791103816841E-2 0
0 2 0 0 0 3   1.3767137194734E-3 0
0 2 0 0 0 4   1.47097006874985E-3 0
0 2 0 0 1 0  -3.37328346318526E-2 0
0 2 0 0 1 1  -1.55544417148824E-2 0
0 2 0 0 1 2   1.34378626266152E-3 0
0 2 0 0 1 3  -3.16193689228905E-3 0
0 2 0 0 2 0  -7.84015518440873E-3 0
0 2 0 0 2 1   1.92166460345427E-2 0
0 2 0 1 0 0  -1.08076274324368E-1 0
0 2 0 1 0 1   2.06913590485762E-2 0
0 2 0 1 0 2  -6.1063230369689E-3 0
0 2 0 1 0 3   6.29650888286371E-4 0
0 2 0 1 1 0  -3.84616388802517E-2 0
0 2 0 1 1 1  -6.29614664213829E-2 0
0 2 0 2 0 0  -5.20286772427587E-2 0
0 2 0 2 0 1   6.79308378179E-3 0
0 2 1 0 0 0   1.59657755758325E-3 0
0 2 1 0 0 1   1.89332819725332E-2 0
0 2 1 0 0 2  -3.34347597621583E-2 0
0 2 1 0 0 3   2.6006833108701E-3 0
0 2 1 0 1 0   9.5004823047578E-2 0
0 2 1 0 1 1  -2.58547162378022E-2 0
0 2 1 1 0 0  -2.21425009845273E-2 0
0 2 1 1 0 1   4.0878151985785E-2 0
0 2 2 0 0 0  -3.79021542763591E-2 0
0 2 2 0 0 1   5.15344482450375E-2 0
0 3 0 0 0 0  -2.19359331903149E-1 0
0 3 0 0 0 1  -3.42798062716476E-3 0
0 3 0 0 0 2   1.85860784012958E-2 0
0 3 0 0 0 3  -2.24338813253163E-3 0
0 3 0 0 1 0  -3.05733581582093E-2 0
0 3 0 0 1 1   1.97350506110006E-3 0
0 3 0 1 0 0  -4.93915551945028E-2 0
0 3 0 1 0 1   4.68066434040804E-3 0
0 3 1 0 0 0   1.84202211559561E-2 0
0 3 1 0 0 1  -3.82656333901146E-2 0
0 4 0 0 0 0   9.9151162374823E-2 0
0 4 0 0 0 1   2.69135240486426E-3 0
1 0 0 0 0 0  -9.80743103713422E-3 0
1 0 0 0 0 1   1.14986794754644E-2 0
1 0 0 0 0 2  -1.82412831732642E-3 0
1 0 0 0 0 3  -1.13292697498577E-4 0
1 0 0 0 0 4   2.4617262525102E-4 0
1 0 0 0 1 0   2.28697531625039E-2 0
1 0 0 0 1 1   5.83129063333249E-3 0
1 0 0 0 1 2  -5.25965687011842E-3 0
1 0 0 0 1 3   7.26039822676003E-3 0
1 0 0 0 1 4  -6.76636312037127E-4 0
1 0 0 0 2 0  -1.08297158765622E-2 0
1 0 0 0 2 1   2.5489065754789E-2 0
1 0 0 0 2 2   8.99383547782229E-3 0
1 0 0 0 2 3  -1.85913526596793E-2 0
1 0 0 0 3 0   2.96745985887008E-2 0
1 0 0 0 3 1  -1.40004162681531E-2 0
1 0 0 1 0 0   1.40439428568921E-1 0
1 0 0 1 0 1  -2.72860895560218E-2 0
1 0 0 1 0 2  -5.34097195118433E-3 0
1 0 0 1 0 3   9.72014792482268E-3 0
1 0 0 1 0 4   8.87204399202396E-5 0
1 0 0 1 1 0  -3.86098149243121E-2 0
1 0 0 1 1 1  -3.22323163893419E-2 0
1 0 0 1 1 2   1.72990391813253E-2 0
1 0 0 1 1 3  -1.94093374481694E-2 0
1 0 0 1 2 0   6.15294786917211E-2 0
1 0 0 1 2 1  -2.70176259832002E-2 0
1 0 0 2 0 0  -3.26720560992475E-1 0
1 0 0 2 0 1   3.81322227308063E-2 0
1 0 0 2 0 2   6.74174457524757E-3 0
1 0 0 2 0 3  -3.26043208942552E-2 0
1 0 0 2 1 0   7.84264653576905E-2 0
1 0 0 2 1 1  -2.7876502206535E-2 0
1 0 0 3 0 0   1.65897227784807E-1 0
1 0 0 3 0 1  -7.1546749060909E-3 0
1 0 1 0 0 0   8.9435554934636E-3 0
1 0 1 0 0 1  -1.11935833101593E-2 0
1 0 1 0 0 2  -2.38707665854444E-2 0
1 0 1 0 0 3   1.4941654282021E-2 0
1 0 1 0 0 4  -2.32859870032411E-3 0
1 0 1 0 1 0  -2.6585570148363E-3 0
1 0 1 0 1 1  -4.55076119155078E-2 0
1 0 1 0 1 2   5.33478390482296E-2 0
1 0 1 0 1 3  -1.83506506141389E-2 0
1 0 1 0 2 0  -2.95514736291302E-4 0
1 0 1 0 2 1   4.40716884860026E-2 0
1 0 1 1 0 0  -5.58244531333951E-2 0
1 0 1 1 0 1  -5.63401662174847E-2 0
1 0 1 1 0 2   1.02472240348011E-1 0
1 0 1 1 0 3  -3.74984625921233E-2 0
1 0 1 1 1 0  -2.11198018925106E-1 0
1 0 1 1 1 1   2.40333120802587E-1 0
1 0 1 2 0 0   6.67289963624338E-2 0
1 0 1 2 0 1   3.42822151595747E-2 0
1 0 2 0 0 0  -5.0571765522947E-2 0
1 0 2 0 0 1   4.87270230873378E-2 0
1 0 2 0 0 2   2.11145205272025E-2 0
1 0 2 0 0 3  -2.03382911269558E-2 0
1 0 2 0 1 0   1.22479677401955E-1 0
1 0 2 0 1 1  -9.92704283179648E-2 0
1 0 2 1 0 0   1.61255253829335E-1 0
1 0 2 1 0 1  -1.07292346440072E-1 0
1 0 3 0 0 0   3.17331596034123E-2 0
1 0 3 0 0 1  -2.24311460538882E-2 0
1 1 0 0 0 0   2.58630191855071E-1 0
1 1 0 0 0 1  -5.5701860663504E-3 0
1 1 0 0 0 2   2.22968814703353E-2 0
1 1 0 0 0 3  -1.55489000888095E-3 0
1 1 0 0 0 4  -1.74933895897034E-3 0
1 1 0 0 1 0   3.83427125668234E-2 0
1 1 0 0 1 1   9.98234682109178E-3 0
1 1 0 0 1 2  -5.76687154004887E-2 0
1 1 0 0 1 3   2.49928302567675E-2 0
1 1 0 0 2 0   1.74206943189922E-1 0
1 1 0 0 2 1  -7.21759177377876E-2 0
1 1 0 1 0 0  -1.46551653610986E-1 0
1 1 0 1 0 1   5.41718938822307E-2 0
1 1 0 1 0 2  -1.60969317313166E-1 0
1 1 0 1 0 3   2.3723720478048E-2 0
1 1 0 1 1 0   3.32547772567157E-1 0
1 1 0 1 1 1  -2.44875851856914E-1 0
1 1 0 2 0 0   5.30653277621923E-1 0
1 1 0 2 0 1  -1.71724944361227E-1 0
1 1 1 0 0 0   1.53241509795379E-1 0
1 1 1 0 0 1  -1.46670105965107E-1 0
1 1 1 0 0 2  -1.98871329606498E-1 0
1 1 1 0 0 3   1.18104269900738E-1 0
1 1 1 0 1 0   3.84527756787556E-1 0
1 1 1 0 1 1  -3.75548668954544E-1 0
1 1 1 1 0 0   6.16253746423517E-1 0
1 1 1 1 0 1  -3.57637604015181E-1 0
1 1 2 0 0 0   5.56884966476474E-2 0
1 1 2 0 0 1   2.8314374249468E-1 0
1 2 0 0 0 0  -1.92894747450842E-2 0
1 2 0 0 0 1   9.30879650766214E-3 0
1 2 0 0 0 2   3.79335753203565E-2 0
1 2 0 0 0 3   7.39825929422011E-4 0
1 2 0 0 1 0   7.6748343886095E-3 0
1 2 0 0 1 1  -9.68434164154104E-2 0
1 2 0 1 0 0   2.47912781022091E-1 0
1 2 0 1 0 1  -1.03390713659892E-1 0
1 2 1 0 0 0   6.59378350732682E-2 0
1 2 1 0 0 1  -2.47527495324267E-1 0
1 3 0 0 0 0  -2.05495263016324E-2 0
1 3 0 0 0 1   2.68389994022638E-2 0
2 0 0 0 0 0   4.56806247169522E-1 0
2 0 0 0 0 1  -1.37509436452854E-4 0
2 0 0 0 0 2   1.61360489402632E-2 0
2 0 0 0 0 3  -3.10754904749461E-3 0
2 0 0 0 0 4   2.54032728730825E-3 0
2 0 0 0 1 0   3.27215124726171E-3 0
2 0 0 0 1 1  -4.38207551422813E-2 0
2 0 0 0 1 2  -1.4984117885966E-2 0
2 0 0 0 1 3   2.03628350826524E-3 0
2 0 0 0 2 0   1.42859187540418E-1 0
2 0 0 0 2 1   1.05381071214993E-1 0
2 0 0 1 0 0   7.87252772205118E-2 0
2 0 0 1 0 1  -3.83644304585911E-2 0
2 0 0 1 0 2  -8.98012116169995E-2 0
2 0 0 1 0 3   1.87434964457728E-2 0
2 0 0 1 1 0  -1.65358156588411E-2 0
2 0 0 1 1 1   2.51732965571783E-1 0
2 0 0 2 0 0   2.59344791856474E-1 0
2 0 0 2 0 1   2.0532717394855E-1 0
2 0 1 0 0 0   7.67590076274383E-2 0
2 0 1 0 0 1  -9.26272027171802E-2 0
2 0 1 0 0 2  -8.04465428609928E-2 0
2 0 1 0 0 3   4.87228345386668E-2 0
2 0 1 0 1 0   8.80111659250815E-3 0
2 0 1 0 1 1   1.10881402209124E-1 0
2 0 1 1 0 0  -2.9018897007866E-2 0
2 0 1 1 0 1   1.94648012315293E-1 0
2 0 2 0 0 0   8.38195571126974E-1 0
2 0 2 0 0 1   1.62187821546414E-1 0
2 1 0 0 0 0  -5.10328693256586E-1 0
2 1 0 0 0 1   3.28232234237795E-2 0
2 1 0 0 0 2   2.81091677646531E-1 0
2 1 0 0 0 3  -6.32351064838779E-2 0
2 1 0 0 1 0   4.48059036302197E-2 0
2 1 0 0 1 1  -1.49487952985822E-1 0
2 1 0 1 0 0   2.90260560259107E-1 0
2 1 0 1 0 1   1.5659951295325E-1 0
2 1 1 0 0 0   1.60855899196642E-1 0
2 1 1 0 0 1  -7.06327353504179E-1 0
2 2 0 0 0 0   1.04269781510254E-1 0
2 2 0 0 0 1   5.66142298148016E-2 0
3 0 0 0 0 0  -1.24629979441955 0
3 0 0 0 0 1   4.20624217526697E-2 0
3 0 0 0 0 2  -5.96051695808468E-2 0
3 0 0 0 0 3  -1.72363932972872E-2 0
3 0 0 0 1 0   1.91709174364604E-1 0
3 0 0 0 1 1  -9.34913729888152E-2 0
3 0 0 1 0 0   3.32543936805571E-1 0
3 0 0 1 0 1  -6.2078584851065E-2 0
3 0 1 0 0 0   5.13425066734055E-1 0
3 0 1 0 0 1  -1.87565605667992E-1 0
3 1 0 0 0 0   3.54308630671582E-1 0
3 1 0 0 0 1   6.07342524914287E-2 0
4 0 0 0 0 0   9.91842774697741E-1 0
4 0 0 0 0 1   2.09354873848171E-2 0
0 0 6 0 0 0   6.84631534676214E-1 0
0 0 5 0 0 0  -4.11868833111242E-1 0
0 0 6 0 0 1  -1.36390997441943E-1 0
0 0 5 0 0 1   4.65284722826951E-2 0
